100 250 200 16 1 200
00 00 00 00 00 00 00 00 00 00 00 00 00 00 00 00 00 00 00 00 00 00 00 00 00 00 00 00 00 20 00 00 00 00 00 00 00 00 00 00 00 00 00 00 00 00 00 00 00 00 00 00 00 00 00 00 00 00 00 00 00 00 00 00 00 20 00 00 00 00 00 00 00 00 00 00 00 00 00 00 00 00 20 00 00 00 00 00 00 00 20 00 00 00 00 00 00 00 00 00 00 00 00 00 00 20 00 00 00 00 00 00 00 00 00 00 00 00 00 00 00 00 00 00 00 00 20 00 00 00 00 00 00 00 00 00 00 00 00 00 00 00 00 00 00 00 00 00 00 00 00 00 00 20 00 00 00 00 00 00 00 00 00 00 00 00 00 00 00 00 00 00 00 00 00 00 00 00 00 00 00 00 20 00 00 00 00 00 00 00 00 00 00 00 00 00 00 00 00 00 
00 00 00 00 00 00 00 00 00 20 00 00 00 00 00 00 00 00 20 00 00 00 00 00 00 00 00 00 00 00 00 00 00 00 00 00 00 00 00 00 00 00 00 00 00 00 20 00 00 00 00 00 00 00 00 00 20 00 00 00 00 00 00 00 00 00 00 00 00 00 00 00 20 00 00 00 00 00 00 00 00 00 00 00 00 00 00 00 00 00 00 00 00 00 00 00 00 15 15 15 15 00 00 00 00 00 00 00 00 00 00 00 00 20 00 00 00 00 00 00 00 20 00 00 00 00 00 00 00 00 00 00 00 00 00 00 00 00 00 00 00 00 15 15 00 20 00 00 00 00 00 00 00 00 00 00 00 00 00 00 20 00 00 00 00 00 00 00 20 00 00 00 00 00 00 00 20 00 00 00 00 00 00 00 00 00 00 00 00 00 00 20 00 00 00 00 00 00 00 00 
00 00 00 20 00 00 00 00 00 00 00 00 00 00 00 00 00 00 00 00 00 00 00 00 00 00 00 00 00 00 00 00 00 00 00 00 00 20 00 00 00 00 00 00 00 00 00 00 00 00 00 00 00 00 00 00 00 00 00 00 00 00 00 00 00 00 00 00 00 00 00 00 00 00 00 00 00 00 00 00 00 00 00 00 00 00 00 00 00 00 00 00 00 00 00 00 20 00 00 00 00 00 00 00 00 00 00 00 00 00 00 00 00 00 00 00 00 00 00 00 00 00 00 00 15 00 00 00 00 00 00 00 00 00 00 00 00 00 20 00 00 00 00 00 00 00 00 00 00 00 00 00 00 00 00 00 00 00 00 00 00 00 00 00 00 00 00 00 00 00 00 00 00 00 00 00 00 00 00 00 00 00 00 00 00 00 00 00 00 00 00 00 00 00 00 00 00 00 00 00 
00 00 00 00 00 00 00 00 00 00 00 00 00 00 00 00 00 00 00 00 00 00 00 00 00 00 00 00 00 00 00 00 00 00 00 00 00 00 00 00 00 00 00 00 00 00 00 00 00 00 00 00 00 00 00 00 00 00 00 00 00 00 00 00 00 00 00 00 00 00 00 00 00 00 00 00 00 00 00 00 00 00 00 00 00 00 00 00 00 00 00 00 00 00 00 00 00 00 00 00 00 00 00 00 00 00 00 00 00 00 00 00 00 00 00 00 00 00 00 00 00 00 00 00 00 00 00 00 00 00 00 00 00 00 00 00 00 00 00 00 00 00 00 00 00 00 00 00 00 00 00 00 00 00 20 00 00 00 00 00 00 00 00 00 00 00 00 00 00 00 00 00 00 00 00 00 00 00 00 00 00 00 00 00 00 00 00 00 00 00 00 00 00 00 00 00 00 00 00 00 
00 00 00 00 00 00 00 00 00 00 00 00 00 00 00 00 00 00 00 00 00 00 00 00 00 00 00 00 20 00 00 00 00 00 00 00 00 00 00 00 00 00 00 00 00 00 00 00 00 00 20 00 00 00 00 00 00 00 00 00 00 00 00 00 00 00 00 00 00 00 00 00 00 00 00 00 00 00 00 00 00 00 00 00 00 00 00 00 00 00 00 00 00 00 00 00 00 00 00 00 00 00 00 00 00 00 00 00 00 00 00 00 00 00 00 00 00 00 00 00 00 00 00 00 00 00 00 00 00 00 00 00 00 00 00 00 00 00 00 00 00 00 00 00 00 00 00 00 00 00 00 00 00 00 00 00 00 00 00 00 00 00 00 00 00 00 00 00 00 00 00 00 00 00 00 00 00 00 00 00 00 00 00 00 00 00 00 00 00 00 00 00 00 00 00 00 00 00 00 00 
00 00 00 00 00 00 00 00 20 00 00 00 00 00 00 00 00 00 00 00 00 00 00 00 00 00 00 00 00 00 00 00 00 00 00 00 00 00 00 00 00 00 00 00 00 00 00 00 00 00 00 00 00 00 00 00 00 00 00 00 00 00 00 00 00 00 00 00 00 00 00 00 00 00 00 02 00 00 00 00 00 00 00 00 00 00 00 00 00 00 00 00 00 00 00 00 02 00 00 00 00 00 00 00 00 00 00 00 00 00 00 00 00 00 00 00 00 00 00 00 00 00 00 00 00 00 00 00 00 00 00 00 00 00 00 00 00 00 00 00 00 00 14 14 00 00 00 00 00 00 00 00 00 00 00 00 00 00 00 00 00 00 00 00 00 00 00 00 00 00 00 00 00 00 00 00 00 00 00 00 00 00 38 00 00 00 00 00 00 00 00 00 00 00 00 00 00 00 00 00 
37 00 00 00 00 00 00 00 00 00 00 00 00 00 00 00 19 00 00 00 00 00 00 00 00 00 00 00 00 00 00 00 00 00 00 00 00 00 00 00 00 00 00 00 00 00 00 00 00 00 00 00 00 00 00 00 00 00 00 00 00 00 00 00 00 00 00 00 00 15 15 15 15 14 14 14 00 15 00 00 00 00 00 00 00 00 00 00 00 00 00 00 00 00 14 14 14 14 14 14 14 14 00 00 00 00 00 00 19 00 00 00 00 00 17 00 00 15 15 15 00 00 00 00 16 00 00 00 00 00 00 00 14 19 19 14 00 00 00 00 00 00 00 00 00 00 00 00 00 00 00 00 00 00 00 00 00 00 00 00 00 00 00 00 00 36 00 00 00 00 00 00 00 00 00 00 00 00 00 00 00 00 39 00 00 00 00 00 00 00 00 00 00 00 00 00 00 00 00 00 
35 00 00 00 00 00 00 00 00 00 00 00 00 00 00 00 00 00 00 00 00 00 00 00 00 00 00 00 00 00 00 00 00 00 00 00 00 00 00 00 00 00 00 00 00 00 00 00 00 00 00 00 00 00 00 00 00 00 00 00 00 00 00 00 00 00 00 00 00 00 00 00 00 00 00 00 00 00 00 00 00 00 00 00 00 00 00 00 00 00 00 00 00 00 00 00 00 00 00 00 00 00 00 00 00 00 00 00 00 00 00 00 00 00 00 00 00 00 00 00 00 00 00 00 00 00 00 00 00 00 00 00 00 00 00 00 00 00 00 00 00 00 00 00 00 00 00 00 00 00 00 00 00 00 00 00 00 00 00 00 00 00 00 00 00 35 00 00 00 00 00 00 00 00 00 00 00 00 00 00 00 00 39 00 00 00 00 00 00 00 00 00 00 00 00 00 00 00 00 00 
35 00 00 00 00 00 00 00 00 00 00 00 00 00 00 00 00 00 00 00 00 00 00 00 00 00 00 00 00 00 00 00 00 00 00 15 15 00 00 00 00 00 00 00 00 00 00 00 00 00 00 00 00 00 00 00 00 00 00 00 00 00 00 00 00 00 00 00 00 00 00 00 00 00 00 00 00 00 00 00 00 00 00 00 00 00 00 00 00 00 00 00 00 00 00 00 00 00 00 00 00 00 00 00 00 00 15 00 00 00 00 00 00 00 00 00 00 00 00 00 00 00 00 00 00 00 00 00 00 00 00 00 00 00 00 00 00 00 00 00 00 00 00 00 00 00 00 15 15 15 00 00 00 00 00 00 00 00 00 00 00 00 00 00 00 35 00 00 00 00 00 00 00 00 00 13 13 13 00 00 00 00 39 00 00 00 00 00 00 00 00 00 00 00 00 00 00 00 00 00 
35 00 00 00 00 00 00 00 00 00 00 00 00 00 00 00 00 00 00 00 00 00 00 00 00 00 00 00 00 00 00 00 00 00 00 00 00 00 00 00 00 00 00 00 00 00 00 00 00 00 00 00 00 15 15 00 00 00 00 00 00 00 00 00 00 00 00 00 00 00 00 00 00 00 00 02 00 02 00 00 00 00 00 00 00 00 00 00 00 00 00 02 00 00 00 00 00 00 00 00 00 00 00 00 00 00 15 00 00 00 00 00 00 00 00 00 00 00 00 00 00 00 00 00 00 00 00 00 00 00 00 00 00 00 00 00 00 00 00 00 00 00 00 00 00 00 00 13 13 13 00 00 00 00 00 00 00 00 00 00 00 00 00 00 00 35 00 00 00 00 00 00 00 00 13 13 13 13 00 00 00 00 39 00 00 00 00 00 00 00 00 00 00 00 00 00 00 00 00 00 
35 00 00 00 00 00 00 00 00 00 19 00 00 00 14 18 14 19 14 00 00 00 00 00 00 00 00 00 00 00 00 00 00 00 00 00 00 00 00 00 00 00 00 00 15 15 00 00 00 00 00 00 00 00 00 00 00 00 00 00 00 00 00 00 00 00 00 00 00 14 14 19 14 14 19 14 14 14 00 00 00 00 00 00 00 00 00 00 00 00 14 19 14 14 00 00 00 00 00 00 00 00 00 00 00 00 00 00 14 00 00 00 00 00 14 14 00 00 00 00 00 19 00 00 19 00 00 19 00 00 00 00 00 14 14 00 00 00 00 00 13 00 00 00 00 15 00 00 00 00 00 00 00 00 00 00 00 00 00 00 00 00 00 00 00 35 00 00 00 00 00 00 00 13 13 13 13 13 00 00 00 00 39 00 00 00 00 00 00 00 00 00 00 00 00 00 00 00 00 00 
35 00 00 00 00 00 00 00 00 00 00 00 00 00 00 00 00 00 00 00 00 00 00 00 00 00 00 00 00 00 00 00 00 00 00 09 11 00 00 00 00 00 00 00 00 00 00 00 00 00 00 00 00 09 11 00 00 00 00 00 00 00 00 00 00 00 00 00 00 00 00 00 00 00 00 00 00 00 00 00 00 00 00 00 00 00 00 00 00 00 00 00 00 00 00 00 00 00 00 00 00 00 00 00 00 00 00 00 00 00 00 00 00 00 00 00 00 00 00 00 00 00 00 00 00 00 00 00 00 00 00 00 00 00 00 00 00 00 00 13 13 00 00 00 00 13 00 00 00 00 00 00 00 00 00 00 00 00 00 13 00 00 00 00 00 35 00 00 00 00 00 00 13 13 13 13 13 13 00 00 00 00 39 00 00 00 00 00 00 00 00 00 00 00 00 00 00 00 00 00 
35 00 00 00 00 00 00 00 00 00 00 00 00 00 00 00 00 00 00 00 00 00 00 00 00 00 09 11 00 00 00 00 00 00 00 10 12 00 00 00 00 00 00 00 09 11 00 00 00 00 00 00 00 10 12 00 00 00 00 00 00 00 00 00 00 00 00 00 00 00 00 00 00 00 00 00 00 00 00 00 00 00 00 00 00 00 00 00 00 00 00 00 00 00 00 00 00 00 00 00 13 00 00 00 13 00 00 00 00 00 00 00 00 00 00 00 00 00 00 00 00 00 00 00 00 00 00 00 00 00 00 00 00 00 00 00 00 00 13 13 13 00 00 00 00 00 00 00 00 00 00 00 09 11 00 00 00 00 13 13 00 00 00 00 00 35 00 00 00 00 00 13 13 13 13 13 13 13 00 00 00 00 39 00 00 00 00 00 00 00 00 00 00 00 00 00 00 00 00 00 
35 00 00 00 00 00 21 00 00 00 00 00 00 02 00 01 00 02 00 21 00 00 00 00 00 00 10 12 00 00 00 00 00 00 00 10 12 00 21 00 00 00 02 00 10 12 00 00 00 00 00 00 00 10 12 00 00 00 21 00 00 00 00 00 00 00 00 00 21 00 00 00 00 00 00 21 00 00 00 00 00 00 00 00 00 00 26 27 27 27 27 21 00 00 00 00 00 21 00 13 13 00 00 00 13 13 00 00 00 21 01 00 00 02 00 00 21 23 24 24 24 24 01 00 00 00 21 02 00 00 00 02 00 00 21 00 00 13 13 13 13 00 00 00 21 00 00 02 00 00 00 00 10 12 00 00 00 13 13 13 00 00 40 00 00 35 00 21 00 00 13 13 13 13 13 13 13 13 00 00 21 00 39 00 00 00 00 22 00 00 00 00 00 00 00 00 00 00 00 00 
03 05 05 05 05 05 05 05 05 05 05 05 05 05 05 05 05 05 05 05 05 05 05 05 05 05 05 05 00 00 00 03 05 05 05 05 05 05 05 05 05 05 05 05 05 05 05 05 05 05 05 05 05 05 05 05 05 05 05 05 05 07 00 00 00 03 05 05 05 05 05 05 05 05 05 05 05 05 05 05 05 07 00 00 00 03 05 05 05 05 05 05 05 05 05 05 05 05 05 05 07 00 00 00 03 05 05 05 05 05 05 05 05 05 05 05 05 05 05 05 05 05 05 05 05 05 05 05 05 05 05 05 05 05 05 05 05 05 05 05 05 05 05 05 05 05 05 05 05 05 05 05 05 05 05 05 05 05 05 05 05 05 05 05 05 05 05 05 05 05 05 05 05 05 05 05 05 05 05 05 05 05 05 05 05 05 05 05 05 05 05 05 05 05 05 05 05 05 05 07 
04 06 06 06 06 06 06 06 06 06 06 06 06 06 06 06 06 06 06 06 06 06 06 06 06 06 06 06 00 00 00 04 06 06 06 06 06 06 06 06 06 06 06 06 06 06 06 06 06 06 06 06 06 06 06 06 06 06 06 06 06 08 00 00 00 04 06 06 06 06 06 06 06 06 06 06 06 06 06 06 06 08 00 00 00 04 06 06 06 06 06 06 06 06 06 06 06 06 06 06 08 00 00 00 04 06 06 06 06 06 06 06 06 06 06 06 06 06 06 06 06 06 06 06 06 06 06 06 06 06 06 06 06 06 06 06 06 06 06 06 06 06 06 06 06 06 06 06 06 06 06 06 06 06 06 06 06 06 06 06 06 06 06 06 06 06 06 06 06 06 06 06 06 06 06 06 06 06 06 06 06 06 06 06 06 06 06 06 06 06 06 06 06 06 06 06 06 06 06 08 
100000001 20 00450 00750 
100000010 20 00900 00750 
100000100 20 00150 00700 
1000010 20 01850 00700 
100001100 20 01450 00800 
100001110 20 02300 00750 
100010001 20 00400 00550 
100010100 37 00000 00500 
100010101 35 00000 00450 
100010111 19 00800 00500 
100011100 20 01400 00600 
100100000 20 02500 00600 
100100111 15 03450 00500 15 03500 00500 15 03550 00500 15 03600 00500 14 03650 00500 14 03700 00500 
100101000 14 03750 00500 15 03850 00500 
100101011 14 04700 00500 14 04750 00500 14 04800 00500 14 04850 00500 14 04900 00500 14 04950 00500 
100101101 02 03750 00550 
100101110 02 04800 00550 
100110001 20 02800 00750 
100110010 20 03600 00750 
100110011 20 03250 00800 
100111011 20 04800 00700 
100111100 20 04100 00800 
100111110 15 04850 00750 15 04900 00750 15 04950 00750 
100111111 20 04500 00800 
101000000 35 00000 00400 
101000001 35 00000 00350 
101000100 35 00000 00300 19 00500 00300 
101000101 35 00000 00250 
101000111 14 00700 00300 18 00750 00300 14 00800 00300 19 00850 00300 14 00900 00300 
101001001 09 01750 00250 11 01800 00250 
101001011 15 02200 00300 15 02250 00300 
101001100 15 01750 00400 15 01800 00400 
101010000 35 00000 00200 
101010001 35 00000 00150 21 00300 00150 
101010010 02 00650 00150 02 00850 00150 21 00950 00150 
1010100 01 00750 00172 
101010100 03 00000 00100 05 00050 00100 05 00100 00100 05 00150 00100 05 00200 00100 05 00250 00100 05 00300 00100 05 00350 00100 05 00400 00100 05 00450 00100 05 00500 00100 05 00550 00100 
101010101 04 00000 00050 06 00050 00050 06 00100 00050 06 00150 00050 06 00200 00050 06 00250 00050 06 00300 00050 06 00350 00050 06 00400 00050 06 00450 00050 06 00500 00050 06 00550 00050 
101010110 06 00650 00050 06 00700 00050 06 00750 00050 06 00800 00050 06 00850 00050 06 00900 00050 06 00950 00050 06 01000 00050 06 01050 00050 06 01100 00050 06 01150 00050 06 01200 00050 
101010111 05 00650 00100 05 00700 00100 05 00750 00100 05 00800 00100 05 00850 00100 05 00900 00100 05 00950 00100 05 01000 00100 05 01050 00100 05 01100 00100 05 01150 00100 05 01200 00100 
1010101 05 00600 00100 06 00600 00050 
101011000 05 01250 00100 05 01300 00100 05 01350 00100 03 01550 00100 05 01600 00100 05 01650 00100 05 01700 00100 05 01750 00100 05 01800 00100 
101011001 06 01250 00050 06 01300 00050 06 01350 00050 04 01550 00050 06 01600 00050 06 01650 00050 06 01700 00050 06 01750 00050 06 01800 00050 
101011010 06 01900 00050 06 01950 00050 06 02000 00050 06 02050 00050 06 02100 00050 06 02150 00050 06 02200 00050 06 02250 00050 06 02300 00050 06 02350 00050 06 02400 00050 06 02450 00050 
101011011 05 01900 00100 05 01950 00100 05 02000 00100 05 02050 00100 05 02100 00100 05 02150 00100 05 02200 00100 05 02250 00100 05 02300 00100 05 02350 00100 05 02400 00100 05 02450 00100 
1010110 05 01850 00100 06 01850 00050 
101011100 09 01300 00200 11 01350 00200 10 01750 00200 12 01800 00200 
101011101 10 01300 00150 12 01350 00150 10 01750 00150 12 01800 00150 
101011110 21 01900 00150 02 02100 00150 10 02200 00150 12 02250 00150 
101011111 09 02200 00200 11 02250 00200 
101100000 10 02650 00200 12 02700 00200 
101100001 10 02650 00150 12 02700 00150 21 02900 00150 
101100010 21 03400 00150 
101100100 05 02500 00100 05 02550 00100 05 02600 00100 05 02650 00100 05 02700 00100 05 02750 00100 05 02800 00100 05 02850 00100 05 02900 00100 05 02950 00100 05 03000 00100 07 03050 00100 
101100101 06 02500 00050 06 02550 00050 06 02600 00050 06 02650 00050 06 02700 00050 06 02750 00050 06 02800 00050 06 02850 00050 06 02900 00050 06 02950 00050 06 03000 00050 08 03050 00050 
101100110 04 03250 00050 06 03300 00050 06 03350 00050 06 03400 00050 06 03450 00050 06 03500 00050 06 03550 00050 06 03600 00050 06 03650 00050 06 03700 00050 
101100111 03 03250 00100 05 03300 00100 05 03350 00100 05 03400 00100 05 03450 00100 05 03500 00100 05 03550 00100 05 03600 00100 05 03650 00100 05 03700 00100 
101101000 05 03750 00100 05 03800 00100 05 03850 00100 05 03900 00100 05 03950 00100 05 04000 00100 07 04050 00100 03 04250 00100 05 04300 00100 
101101001 06 03750 00050 06 03800 00050 06 03850 00050 06 03900 00050 06 03950 00050 06 04000 00050 08 04050 00050 04 04250 00050 06 04300 00050 
101101010 06 04400 00050 06 04450 00050 06 04500 00050 06 04550 00050 06 04600 00050 06 04650 00050 06 04700 00050 06 04750 00050 06 04800 00050 06 04850 00050 06 04900 00050 06 04950 00050 
101101011 05 04400 00100 05 04450 00100 05 04500 00100 05 04550 00100 05 04600 00100 05 04650 00100 05 04700 00100 05 04750 00100 05 04800 00100 05 04850 00100 05 04900 00100 05 04950 00100 
1011010 05 04350 00100 06 04350 00050 
101101101 21 03750 00150 26 04300 00150 
101101110 27 04400 00150 27 04450 00150 27 04500 00150 21 04550 00150 21 04850 00150 13 04950 00150 
1011011 27 04350 00150 
101110001 15 02650 00350 15 02700 00350 
101110101 09 02650 00250 11 02700 00250 
101110111 14 03450 00300 14 03500 00300 19 03550 00300 14 03600 00300 14 03650 00300 19 03700 00300 
101111000 14 03750 00300 14 03800 00300 14 03850 00300 
101111011 14 04500 00300 19 04550 00300 14 04600 00300 14 04650 00300 
101111101 02 03750 00350 02 03850 00350 
101111110 02 04550 00350 
110000000 15 05300 00400 
110000001 15 05300 00350 
110000100 14 05400 00300 
110000111 14 05700 00300 14 05750 00300 19 06050 00300 19 06200 00300 
110001000 19 06350 00300 14 06650 00300 14 06700 00300 
110001010 13 06950 00250 13 07000 00250 13 07250 00250 
110001011 13 07000 00300 15 07250 00300 
110001110 13 07350 00350 13 07400 00350 13 07450 00350 
110001111 15 07350 00400 15 07400 00400 15 07450 00400 
110010000 13 05000 00200 13 05200 00200 
110010001 13 05000 00150 13 05200 00150 13 05250 00150 21 05450 00150 
110010010 02 05650 00150 21 05800 00150 23 05850 00150 24 05900 00150 24 05950 00150 24 06000 00150 24 06050 00150 
1100100 01 05500 00172 01 06100 00172 
110010100 07 05000 00100 03 05200 00100 05 05250 00100 05 05300 00100 05 05350 00100 05 05400 00100 05 05450 00100 05 05500 00100 05 05550 00100 
110010101 08 05000 00050 04 05200 00050 06 05250 00050 06 05300 00050 06 05350 00050 06 05400 00050 06 05450 00050 06 05500 00050 06 05550 00050 
110010110 06 05650 00050 06 05700 00050 06 05750 00050 06 05800 00050 06 05850 00050 06 05900 00050 06 05950 00050 06 06000 00050 06 06050 00050 06 06100 00050 06 06150 00050 06 06200 00050 
110010111 05 05650 00100 05 05700 00100 05 05750 00100 05 05800 00100 05 05850 00100 05 05900 00100 05 05950 00100 05 06000 00100 05 06050 00100 05 06100 00100 05 06150 00100 05 06200 00100 
1100101 05 05600 00100 06 05600 00050 
110011000 05 06250 00100 05 06300 00100 05 06350 00100 05 06400 00100 05 06450 00100 05 06500 00100 05 06550 00100 05 06600 00100 05 06650 00100 05 06700 00100 05 06750 00100 05 06800 00100 
110011001 06 06250 00050 06 06300 00050 06 06350 00050 06 06400 00050 06 06450 00050 06 06500 00050 06 06550 00050 06 06600 00050 06 06650 00050 06 06700 00050 06 06750 00050 06 06800 00050 
110011010 06 06900 00050 06 06950 00050 06 07000 00050 06 07050 00050 06 07100 00050 06 07150 00050 06 07200 00050 06 07250 00050 06 07300 00050 06 07350 00050 06 07400 00050 06 07450 00050 
110011011 05 06900 00100 05 06950 00100 05 07000 00100 05 07050 00100 05 07100 00100 05 07150 00100 05 07200 00100 05 07250 00100 05 07300 00100 05 07350 00100 05 07400 00100 05 07450 00100 
1100110 05 06850 00100 06 06850 00050 
110011101 21 06300 00150 02 06350 00150 02 06550 00150 21 06700 00150 
110011110 13 06900 00150 13 06950 00150 13 07000 00150 21 07200 00150 02 07350 00150 
110011111 13 06900 00200 13 06950 00200 13 07000 00200 
1100111 13 06850 00150 
110100000 09 07600 00200 11 07650 00200 13 07900 00200 13 07950 00200 
110100001 10 07600 00150 12 07650 00150 13 07850 00150 13 07900 00150 13 07950 00150 
110100010 35 08250 00150 21 08350 00150 13 08500 00150 13 08550 00150 13 08600 00150 13 08650 00150 13 08700 00150 
110100011 35 08250 00200 13 08550 00200 13 08600 00200 13 08650 00200 13 08700 00200 
110100100 05 07500 00100 05 07550 00100 05 07600 00100 05 07650 00100 05 07700 00100 05 07750 00100 05 07800 00100 05 07850 00100 05 07900 00100 05 07950 00100 05 08000 00100 05 08050 00100 
110100101 06 07500 00050 06 07550 00050 06 07600 00050 06 07650 00050 06 07700 00050 06 07750 00050 06 07800 00050 06 07850 00050 06 07900 00050 06 07950 00050 06 08000 00050 06 08050 00050 
110100110 06 08150 00050 06 08200 00050 06 08250 00050 06 08300 00050 06 08350 00050 06 08400 00050 06 08450 00050 06 08500 00050 06 08550 00050 06 08600 00050 06 08650 00050 06 08700 00050 
110100111 05 08150 00100 05 08200 00100 05 08250 00100 05 08300 00100 05 08350 00100 05 08400 00100 05 08450 00100 05 08500 00100 05 08550 00100 05 08600 00100 05 08650 00100 05 08700 00100 
1101001 05 08100 00100 06 08100 00050 
110101000 05 08750 00100 05 08800 00100 05 08850 00100 05 08900 00100 05 08950 00100 05 09000 00100 05 09050 00100 05 09100 00100 05 09150 00100 05 09200 00100 05 09250 00100 05 09300 00100 
110101001 06 08750 00050 06 08800 00050 06 08850 00050 06 08900 00050 06 08950 00050 06 09000 00050 06 09050 00050 06 09100 00050 06 09150 00050 06 09200 00050 06 09250 00050 06 09300 00050 
110101010 06 09400 00050 06 09450 00050 06 09500 00050 06 09550 00050 06 09600 00050 06 09650 00050 06 09700 00050 06 09750 00050 06 09800 00050 06 09850 00050 06 09900 00050 08 09950 00050 
110101011 05 09400 00100 05 09450 00100 05 09500 00100 05 09550 00100 05 09600 00100 05 09650 00100 05 09700 00100 05 09750 00100 05 09800 00100 05 09850 00100 05 09900 00100 07 09950 00100 
1101010 05 09350 00100 06 09350 00050 
110101100 13 08750 00200 13 08800 00200 13 08850 00200 39 09100 00200 
110101101 13 08750 00150 13 08800 00150 13 08850 00150 21 09000 00150 39 09100 00150 
110110010 35 08250 00350 13 08700 00350 
110110011 35 08250 00400 
110110101 13 07950 00250 
110110110 35 08250 00250 13 08600 00250 13 08650 00250 13 08700 00250 
110110111 35 08250 00300 13 08650 00300 13 08700 00300 
110111000 13 08750 00300 13 08800 00300 13 08850 00300 39 09100 00300 
110111001 13 08750 00250 13 08800 00250 13 08850 00250 39 09100 00250 
110111100 13 08750 00400 13 08800 00400 13 08850 00400 39 09100 00400 
110111101 13 08750 00350 13 08800 00350 13 08850 00350 39 09100 00350 
110 40 08100 00210 
111000000 20 05250 00800 
111000001 15 05000 00750 
111000010 20 05650 00750 20 06050 00750 
111000111 15 06200 00700 
111001011 20 06900 00700 
111001100 20 06300 00800 
111001110 15 07100 00750 15 07150 00750 20 07250 00750 
111010100 14 05000 00500 14 05050 00500 19 05400 00500 
111010111 17 05700 00500 15 05850 00500 15 05900 00500 15 05950 00500 16 06200 00500 
111011000 14 06600 00500 19 06650 00500 19 06700 00500 14 06750 00500 
111011110 14 07100 00550 14 07150 00550 
111100110 35 08250 00450 
111100111 36 08250 00500 
111101000 39 09100 00500 
111101001 39 09100 00450 
111110000 20 07650 00800 
111110001 20 08000 00750 
111110010 20 08400 00750 
111110101 20 07700 00650 
111111100 20 09100 00800 
111111101 20 08800 00750 
111111110 20 09550 00750 
1 38 09100 00550 22 09350 00650 
