3805 200 2 93 3 9 3000 1 10000 800
1000010 17 1850 700 1 
100010100 23 0 500 2 
100010101 23 0 450 0 
100010111 10 800 500 50 
100100111 4 3700 500 1 4 3650 500 1 7 3600 500 1 7 3550 500 1 7 3500 500 1 7 3450 500 1 
100101000 7 3850 500 1 4 3750 500 1 
100101011 4 4700 500 1 4 4750 500 1 4 4800 500 1 4 4850 500 1 4 4900 500 1 4 4950 500 1 
100101110 5 4800 550 1 
100111110 7 4850 750 1 7 4900 750 1 7 4950 750 1 
101000000 23 0 400 0 
101000001 23 0 350 0 
101000100 23 0 300 0 10 500 300 50 
101000101 23 0 250 0 
101000111 10 750 300 50 10 850 300 50 
101001001 12 1750 250 0 12 1800 250 1 
101010000 23 0 200 0 
101010001 23 0 150 0 18 300 150 1 
101010010 18 950 150 1 
101010100 16 0 100 0 16 50 100 1 16 100 100 1 16 150 100 1 16 200 100 1 16 250 100 1 16 300 100 1 16 350 100 1 16 400 100 1 16 450 100 1 16 500 100 1 16 550 100 1 
101010101 16 0 50 3 16 50 50 4 16 100 50 4 16 150 50 4 16 200 50 4 16 250 50 4 16 300 50 4 16 350 50 4 16 400 50 4 16 450 50 4 16 500 50 4 16 550 50 4 
101010110 16 650 50 4 16 700 50 4 16 750 50 4 16 800 50 4 16 850 50 4 16 900 50 4 16 950 50 4 16 1000 50 4 16 1050 50 4 16 1100 50 4 16 1150 50 4 16 1200 50 4 
101010111 16 650 100 1 16 700 100 1 16 750 100 1 16 800 100 1 16 850 100 1 16 900 100 1 16 950 100 1 16 1000 100 1 16 1050 100 1 16 1100 100 1 16 1150 100 1 16 1200 100 1 
1010101 16 600 100 1 16 600 50 4 
101011000 16 1250 100 1 16 1300 100 1 16 1350 100 1 16 1550 100 0 16 1600 100 1 16 1650 100 1 16 1700 100 1 16 1750 100 1 16 1800 100 1 
101011001 16 1250 50 4 16 1300 50 4 16 1350 50 4 16 1550 50 3 16 1600 50 4 16 1650 50 4 16 1700 50 4 16 1750 50 4 16 1800 50 4 
101011010 16 1900 50 4 16 1950 50 4 16 2000 50 4 16 2050 50 4 16 2100 50 4 16 2150 50 4 16 2200 50 4 16 2250 50 4 16 2300 50 4 16 2350 50 4 16 2400 50 4 16 2450 50 4 
101011011 16 1900 100 1 16 1950 100 1 16 2000 100 1 16 2050 100 1 16 2100 100 1 16 2150 100 1 16 2200 100 1 16 2250 100 1 16 2300 100 1 16 2350 100 1 16 2400 100 1 16 2450 100 1 
1010110 16 1850 100 1 16 1850 50 4 
101011100 12 1300 200 0 12 1350 200 1 12 1750 200 2 12 1800 200 3 
101011101 12 1300 150 2 12 1350 150 3 12 1750 150 2 12 1800 150 3 
101011110 18 1900 150 1 12 2200 150 2 12 2250 150 3 
101011111 12 2200 200 0 12 2250 200 1 
101100000 12 2650 200 2 12 2700 200 3 
101100001 12 2650 150 2 12 2700 150 3 18 2900 150 1 
101100010 18 3400 150 1 
101100100 16 2500 100 1 16 2550 100 1 16 2600 100 1 16 2650 100 1 16 2700 100 1 16 2750 100 1 16 2800 100 1 16 2850 100 1 16 2900 100 1 16 2950 100 1 16 3000 100 1 16 3050 100 2 
101100101 16 2500 50 4 16 2550 50 4 16 2600 50 4 16 2650 50 4 16 2700 50 4 16 2750 50 4 16 2800 50 4 16 2850 50 4 16 2900 50 4 16 2950 50 4 16 3000 50 4 16 3050 50 5 
101100110 16 3700 50 4 16 3650 50 4 16 3600 50 4 16 3550 50 4 16 3500 50 4 16 3450 50 4 16 3400 50 4 16 3350 50 4 16 3300 50 4 16 3250 50 3 
101100111 16 3700 100 1 16 3650 100 1 16 3600 100 1 16 3550 100 1 16 3500 100 1 16 3450 100 1 16 3400 100 1 16 3350 100 1 16 3300 100 1 16 3250 100 0 
101101000 16 4300 100 1 16 4250 100 0 16 4050 100 2 16 4000 100 1 16 3950 100 1 16 3900 100 1 16 3850 100 1 16 3800 100 1 16 3750 100 1 
101101001 16 4300 50 4 16 4250 50 3 16 4050 50 5 16 4000 50 4 16 3950 50 4 16 3900 50 4 16 3850 50 4 16 3800 50 4 16 3750 50 4 
101101010 16 4950 50 4 16 4900 50 4 16 4850 50 4 16 4800 50 4 16 4750 50 4 16 4700 50 4 16 4650 50 4 16 4600 50 4 16 4550 50 4 16 4500 50 4 16 4450 50 4 16 4400 50 4 
101101011 16 4950 100 1 16 4900 100 1 16 4850 100 1 16 4800 100 1 16 4750 100 1 16 4700 100 1 16 4650 100 1 16 4600 100 1 16 4550 100 1 16 4500 100 1 16 4450 100 1 16 4400 100 1 
1011010 16 4350 100 1 16 4350 50 4 5 4011 79 3 
101101101 21 4300 150 3 18 3750 150 1 5 4011 150 1 
101101110 3 4950 150 1 18 4850 150 1 18 4550 150 1 21 4500 150 4 21 4450 150 4 21 4400 150 4 
1011011 21 4350 150 4 
101110101 12 2650 250 0 12 2700 250 1 
101110111 7 3700 300 13 10 3700 300 7 4 3650 300 1 4 3600 300 1 7 3550 300 13 10 3550 300 7 4 3500 300 1 4 3450 300 1 
101111000 4 3850 300 1 
101111011 4 4650 300 1 4 4600 300 1 7 4550 300 13 10 4550 300 7 4 4500 300 1 
101111110 5 4615 350 1 
110000000 7 5300 400 1 
110000001 7 5300 350 1 
110000100 4 5400 300 1 
110000111 4 5700 300 1 4 5750 300 1 7 6050 300 13 10 6050 300 7 7 6200 300 13 10 6200 300 7 
110001000 7 6350 300 13 10 6350 300 7 4 6650 300 1 4 6700 300 1 
110001010 3 6950 250 1 3 7000 250 1 3 7250 250 1 
110001011 3 7000 300 1 7 7250 300 1 
110001110 3 7350 350 1 3 7400 350 1 3 7450 350 1 
110001111 7 7350 400 1 7 7400 400 1 7 7450 400 1 
110010000 3 5200 200 1 3 5000 200 1 
110010001 3 5200 150 1 3 5250 150 1 18 5450 150 1 3 5000 150 1 
110010010 18 5800 150 1 21 5850 150 0 21 5900 150 1 21 5950 150 1 21 6000 150 1 21 6050 150 1 5 5650 150 1 
1100100 6 5500 172 11 6 6100 172 11 
110010100 16 5200 100 0 16 5250 100 1 16 5300 100 1 16 5350 100 1 16 5400 100 1 16 5450 100 1 16 5500 100 1 16 5550 100 1 16 5000 100 2 
110010101 16 5200 50 3 16 5250 50 4 16 5300 50 4 16 5350 50 4 16 5400 50 4 16 5450 50 4 16 5500 50 4 16 5550 50 4 16 5000 50 5 
110010110 16 5650 50 4 16 5700 50 4 16 5750 50 4 16 5800 50 4 16 5850 50 4 16 5900 50 4 16 5950 50 4 16 6000 50 4 16 6050 50 4 16 6100 50 4 16 6150 50 4 16 6200 50 4 
110010111 16 5650 100 1 16 5700 100 1 16 5750 100 1 16 5800 100 1 16 5850 100 1 16 5900 100 1 16 5950 100 1 16 6000 100 1 16 6050 100 1 16 6100 100 1 16 6150 100 1 16 6200 100 1 
1100101 16 5600 100 1 16 5600 50 4 
110011000 16 6250 100 1 16 6300 100 1 16 6350 100 1 16 6400 100 1 16 6450 100 1 16 6500 100 1 16 6550 100 1 16 6600 100 1 16 6650 100 1 16 6700 100 1 16 6750 100 1 16 6800 100 1 
110011001 16 6250 50 4 16 6300 50 4 16 6350 50 4 16 6400 50 4 16 6450 50 4 16 6500 50 4 16 6550 50 4 16 6600 50 4 16 6650 50 4 16 6700 50 4 16 6750 50 4 16 6800 50 4 
110011010 16 6900 50 4 16 6950 50 4 16 7000 50 4 16 7050 50 4 16 7100 50 4 16 7150 50 4 16 7200 50 4 16 7250 50 4 16 7300 50 4 16 7350 50 4 16 7400 50 4 16 7450 50 4 
110011011 16 6900 100 1 16 6950 100 1 16 7000 100 1 16 7050 100 1 16 7100 100 1 16 7150 100 1 16 7200 100 1 16 7250 100 1 16 7300 100 1 16 7350 100 1 16 7400 100 1 16 7450 100 1 
1100110 16 6850 100 1 16 6850 50 4 
110011101 18 6300 150 1 18 6700 150 1 5 6350 150 1 5 6550 150 1 
110011110 3 6900 150 1 3 6950 150 1 3 7000 150 1 18 7200 150 1 5 7350 150 1 
110011111 3 6900 200 1 3 6950 200 1 3 7000 200 1 
1100111 3 6850 150 1 
110100000 12 7600 200 0 12 7650 200 1 3 7900 200 1 3 7950 200 1 
110100001 12 7600 150 2 12 7650 150 3 3 7850 150 1 3 7900 150 1 3 7950 150 1 
110100010 23 8250 150 0 18 8350 150 1 3 8500 150 1 3 8550 150 1 3 8600 150 1 3 8650 150 1 3 8700 150 1 
110100011 23 8250 200 0 3 8550 200 1 3 8600 200 1 3 8650 200 1 3 8700 200 1 
110100100 16 7500 100 1 16 7550 100 1 16 7600 100 1 16 7650 100 1 16 7700 100 1 16 7750 100 1 16 7800 100 1 16 7850 100 1 16 7900 100 1 16 7950 100 1 16 8000 100 1 16 8050 100 1 
110100101 16 7500 50 4 16 7550 50 4 16 7600 50 4 16 7650 50 4 16 7700 50 4 16 7750 50 4 16 7800 50 4 16 7850 50 4 16 7900 50 4 16 7950 50 4 16 8000 50 4 16 8050 50 4 
110100110 16 8150 50 4 16 8200 50 4 16 8250 50 4 16 8300 50 4 16 8350 50 4 16 8400 50 4 16 8450 50 4 16 8500 50 4 16 8550 50 4 16 8600 50 4 16 8650 50 4 16 8700 50 4 
110100111 16 8150 100 1 16 8200 100 1 16 8250 100 1 16 8300 100 1 16 8350 100 1 16 8400 100 1 16 8450 100 1 16 8500 100 1 16 8550 100 1 16 8600 100 1 16 8650 100 1 16 8700 100 1 
1101001 16 8100 100 1 16 8100 50 4 
110101000 16 8750 100 1 16 8800 100 1 16 8850 100 1 16 8900 100 1 16 8950 100 1 16 9000 100 1 16 9050 100 1 16 9100 100 1 16 9150 100 1 16 9200 100 1 16 9250 100 1 16 9300 100 1 
110101001 16 8750 50 4 16 8800 50 4 16 8850 50 4 16 8900 50 4 16 8950 50 4 16 9000 50 4 16 9050 50 4 16 9100 50 4 16 9150 50 4 16 9200 50 4 16 9250 50 4 16 9300 50 4 
110101010 16 9400 50 4 16 9450 50 4 16 9500 50 4 16 9550 50 4 16 9600 50 4 16 9650 50 4 16 9700 50 4 16 9750 50 4 16 9800 50 4 16 9850 50 4 16 9900 50 4 16 9950 50 5 
110101011 16 9400 100 1 16 9450 100 1 16 9500 100 1 16 9550 100 1 16 9600 100 1 16 9650 100 1 16 9700 100 1 16 9750 100 1 16 9800 100 1 16 9850 100 1 16 9900 100 1 16 9950 100 2 
1101010 16 9350 100 1 16 9350 50 4 
110101100 3 8750 200 1 3 8800 200 1 3 8850 200 1 
110101101 3 8750 150 1 3 8800 150 1 3 8850 150 1 18 9000 150 1 
110110010 23 8250 350 0 3 8700 350 1 
110110011 23 8250 400 0 
110110101 3 7950 250 1 
110110110 23 8250 250 0 3 8600 250 1 3 8650 250 1 3 8700 250 1 
110110111 23 8250 300 0 3 8650 300 1 3 8700 300 1 
110111000 3 8750 300 1 3 8800 300 1 3 8850 300 1 
110111001 3 8750 250 1 3 8800 250 1 3 8850 250 1 
110111100 3 8750 400 1 3 8800 400 1 3 8850 400 1 
110111101 3 8750 350 1 3 8800 350 1 3 8850 350 1 
110 14 8100 210 100 
111000001 7 5000 750 1 
111000111 7 6200 700 1 
111001110 7 7100 750 1 7 7150 750 1 
111010100 4 5000 500 1 4 5050 500 1 7 5400 500 13 10 5400 500 7 
111010111 9 5700 500 13 10 5700 500 9 7 5850 500 1 7 5900 500 1 7 5950 500 1 11 6200 500 13 10 6200 500 11 
111011000 4 6600 500 1 7 6650 500 13 10 6650 500 7 7 6700 500 13 10 6700 500 7 4 6750 500 1 
111011110 4 7100 550 1 4 7150 550 1 
111100110 23 8250 450 0 
111100111 23 8250 500 1 
1 19 9100 550 1 20 9350 650 1 
